1 0 0
2 0 0
3 66.6667 83.3333
4 77.7778 88.8889
5 77.7778 88.8889
6 72.2222 88.8889
7 72.2222 88.8889
8 72.2222 88.8889
9 72.2222 88.8889
10 72.2222 77.7778
11 72.2222 77.7778
12 66.6667 88.8889
13 66.6667 88.8889
14 66.6667 88.8889
15 66.6667 88.8889
16 66.6667 72.2222
17 66.6667 72.2222
18 72.2222 72.2222
19 72.2222 72.2222
20 66.6667 72.2222
21 66.6667 72.2222
22 66.6667 66.6667
23 66.6667 66.6667
24 66.6667 61.1111
25 66.6667 61.1111
26 66.6667 66.6667
27 66.6667 66.6667
28 66.6667 61.1111
29 66.6667 61.1111
30 77.7778 77.7778
31 77.7778 77.7778
32 72.2222 77.7778
33 72.2222 77.7778
34 72.2222 77.7778
35 66.6667 66.6667
36 61.1111 66.6667
37 61.1111 66.6667
38 61.1111 66.6667
39 61.1111 66.6667
40 61.1111 66.6667
41 61.1111 66.6667
42 61.1111 66.6667
43 61.1111 66.6667
44 61.1111 66.6667
45 61.1111 66.6667
46 61.1111 66.6667
47 61.1111 66.6667
48 61.1111 61.1111
49 61.1111 61.1111
50 61.1111 55.5556
51 61.1111 50
52 61.1111 44.4444
53 55.5556 44.4444
54 50 44.4444
55 44.4444 44.4444
56 50 50
57 44.4444 50
58 44.4444 50
59 44.4444 50
60 44.4444 44.4444
61 44.4444 44.4444
62 44.4444 50
63 44.4444 50
64 44.4444 50
65 44.4444 50
66 44.4444 44.4444
67 44.4444 44.4444
68 44.4444 44.4444
69 44.4444 44.4444
70 44.4444 44.4444
71 44.4444 44.4444
72 44.4444 50
73 44.4444 50
74 44.4444 50
75 44.4444 50
76 44.4444 50
77 44.4444 50
78 44.4444 50
79 44.4444 50
80 44.4444 50
81 44.4444 50
82 44.4444 50
83 44.4444 50
84 27.7778 33.3333
85 27.7778 33.3333
86 27.7778 33.3333
87 27.7778 33.3333
88 27.7778 33.3333
89 27.7778 33.3333
90 27.7778 33.3333
91 27.7778 33.3333
92 22.2222 33.3333
93 22.2222 33.3333
94 27.7778 33.3333
95 27.7778 33.3333
96 27.7778 33.3333
97 27.7778 33.3333
98 27.7778 33.3333
99 27.7778 33.3333
100 27.7778 33.3333
101 27.7778 33.3333
102 27.7778 27.7778
103 27.7778 27.7778
104 27.7778 27.7778
105 27.7778 27.7778
106 27.7778 27.7778
107 27.7778 27.7778
108 27.7778 27.7778
109 27.7778 27.7778
110 22.2222 22.2222
111 22.2222 22.2222
112 27.7778 27.7778
113 27.7778 27.7778
114 22.2222 22.2222
115 22.2222 22.2222
116 27.7778 27.7778
117 27.7778 27.7778
118 27.7778 27.7778
119 27.7778 27.7778
120 27.7778 27.7778
121 27.7778 27.7778
122 27.7778 33.3333
123 27.7778 33.3333
124 27.7778 27.7778
125 27.7778 27.7778
126 27.7778 27.7778
127 27.7778 27.7778
128 27.7778 33.3333
129 27.7778 33.3333
130 22.2222 27.7778
131 22.2222 27.7778
132 22.2222 27.7778
133 22.2222 27.7778
134 27.7778 27.7778
135 27.7778 27.7778
136 16.6667 16.6667
137 16.6667 16.6667
138 16.6667 16.6667
139 16.6667 16.6667
140 16.6667 16.6667
141 16.6667 16.6667
142 16.6667 16.6667
143 16.6667 16.6667
144 16.6667 16.6667
145 16.6667 16.6667
146 16.6667 16.6667
147 16.6667 16.6667
148 16.6667 16.6667
149 16.6667 16.6667
150 16.6667 16.6667
151 16.6667 16.6667
152 16.6667 16.6667
153 16.6667 16.6667
154 16.6667 16.6667
155 16.6667 16.6667
156 16.6667 16.6667
157 16.6667 16.6667
158 16.6667 16.6667
159 16.6667 16.6667
160 16.6667 16.6667
161 16.6667 16.6667
162 16.6667 16.6667
163 16.6667 16.6667
164 16.6667 16.6667
165 16.6667 16.6667
166 16.6667 16.6667
167 16.6667 16.6667
168 16.6667 16.6667
169 16.6667 16.6667
170 16.6667 16.6667
171 16.6667 16.6667
172 16.6667 16.6667
173 16.6667 16.6667
174 16.6667 16.6667
175 16.6667 16.6667
176 16.6667 16.6667
177 16.6667 16.6667
178 16.6667 16.6667
179 16.6667 16.6667
180 16.6667 16.6667
181 16.6667 16.6667
182 16.6667 16.6667
183 16.6667 16.6667
184 16.6667 16.6667
185 16.6667 16.6667
186 16.6667 16.6667
187 16.6667 16.6667
188 16.6667 16.6667
189 16.6667 16.6667
190 16.6667 16.6667
191 16.6667 16.6667
192 16.6667 16.6667
193 16.6667 16.6667
194 16.6667 16.6667
195 16.6667 16.6667
196 16.6667 16.6667
197 16.6667 16.6667
198 16.6667 16.6667
199 16.6667 16.6667
200 16.6667 16.6667
201 16.6667 16.6667
202 16.6667 16.6667
203 16.6667 16.6667
204 16.6667 16.6667
205 16.6667 16.6667
206 16.6667 16.6667
207 16.6667 16.6667
208 16.6667 16.6667
209 16.6667 16.6667
210 16.6667 16.6667
211 16.6667 16.6667
212 16.6667 16.6667
213 16.6667 16.6667
